Simple Mesh
966 560
           1 -100.00000000  10.00000000 250.00000000
           2 -100.00000000  10.57971014 246.95652174
           3 -100.00000000  11.15942029 243.91304348
           4 -100.00000000  11.73913043 240.86956522
           5 -100.00000000  12.31884058 237.82608696
           6 -100.00000000  12.89855072 234.78260870
           7 -100.00000000  13.47826087 231.73913043
           8 -100.00000000  14.05797101 228.69565217
           9 -100.00000000  14.63768116 225.65217391
          10 -100.00000000  15.21739130 222.60869565
          11 -100.00000000  15.79710145 219.56521739
          12 -100.00000000  16.37681159 216.52173913
          13 -100.00000000  16.95652174 213.47826087
          14 -100.00000000  17.53623188 210.43478261
          15 -100.00000000  18.11594203 207.39130435
          16 -100.00000000  18.69565217 204.34782609
          17 -100.00000000  19.27536232 201.30434783
          18 -100.00000000  19.85507246 198.26086957
          19 -100.00000000  20.43478261 195.21739130
          20 -100.00000000  21.01449275 192.17391304
          21 -100.00000000  21.59420290 189.13043478
          22 -100.00000000  22.17391304 186.08695652
          23 -100.00000000  22.75362319 183.04347826
          24 -100.00000000  23.33333333 180.00000000
          25 -100.00000000  23.91304348 176.95652174
          26 -100.00000000  24.49275362 173.91304348
          27 -100.00000000  25.07246377 170.86956522
          28 -100.00000000  25.65217391 167.82608696
          29 -100.00000000  26.23188406 164.78260870
          30 -100.00000000  26.81159420 161.73913043
          31 -100.00000000  27.39130435 158.69565217
          32 -100.00000000  27.97101449 155.65217391
          33 -100.00000000  28.55072464 152.60869565
          34 -100.00000000  29.13043478 149.56521739
          35 -100.00000000  29.71014493 146.52173913
          36 -100.00000000  30.28985507 143.47826087
          37 -100.00000000  30.86956522 140.43478261
          38 -100.00000000  31.44927536 137.39130435
          39 -100.00000000  32.02898551 134.34782609
          40 -100.00000000  32.60869565 131.30434783
          41 -100.00000000  33.18840580 128.26086957
          42 -100.00000000  33.76811594 125.21739130
          43 -100.00000000  34.34782609 122.17391304
          44 -100.00000000  34.92753623 119.13043478
          45 -100.00000000  35.50724638 116.08695652
          46 -100.00000000  36.08695652 113.04347826
          47 -100.00000000  36.66666667 110.00000000
          48 -100.00000000  37.24637681 106.95652174
          49 -100.00000000  37.82608696 103.91304348
          50 -100.00000000  38.40579710 100.86956522
          51 -100.00000000  38.98550725  97.82608696
          52 -100.00000000  39.56521739  94.78260870
          53 -100.00000000  40.14492754  91.73913043
          54 -100.00000000  40.72463768  88.69565217
          55 -100.00000000  41.30434783  85.65217391
          56 -100.00000000  41.88405797  82.60869565
          57 -100.00000000  42.46376812  79.56521739
          58 -100.00000000  43.04347826  76.52173913
          59 -100.00000000  43.62318841  73.47826087
          60 -100.00000000  44.20289855  70.43478261
          61 -100.00000000  44.78260870  67.39130435
          62 -100.00000000  45.36231884  64.34782609
          63 -100.00000000  45.94202899  61.30434783
          64 -100.00000000  46.52173913  58.26086957
          65 -100.00000000  47.10144928  55.21739130
          66 -100.00000000  47.68115942  52.17391304
          67 -100.00000000  48.26086957  49.13043478
          68 -100.00000000  48.84057971  46.08695652
          69 -100.00000000  49.42028986  43.04347826
          70 -100.00000000  50.00000000  40.00000000
          71 -99.28571429  10.00000000 250.00000000
          72 -99.28571429  10.57971014 246.95652174
          73 -99.28571429  11.15942029 243.91304348
          74 -99.28571429  11.73913043 240.86956522
          75 -99.28571429  12.31884058 237.82608696
          76 -99.28571429  12.89855072 234.78260870
          77 -99.28571429  13.47826087 231.73913043
          78 -99.28571429  14.05797101 228.69565217
          79 -99.28571429  14.63768116 225.65217391
          80 -99.28571429  15.21739130 222.60869565
          81 -99.28571429  15.79710145 219.56521739
          82 -99.28571429  16.37681159 216.52173913
          83 -99.28571429  16.95652174 213.47826087
          84 -99.28571429  17.53623188 210.43478261
          85 -99.28571429  18.11594203 207.39130435
          86 -99.28571429  18.69565217 204.34782609
          87 -99.28571429  19.27536232 201.30434783
          88 -99.28571429  19.85507246 198.26086957
          89 -99.28571429  20.43478261 195.21739130
          90 -99.28571429  21.01449275 192.17391304
          91 -99.28571429  21.59420290 189.13043478
          92 -99.28571429  22.17391304 186.08695652
          93 -99.28571429  22.75362319 183.04347826
          94 -99.28571429  23.33333333 180.00000000
          95 -99.28571429  23.91304348 176.95652174
          96 -99.28571429  24.49275362 173.91304348
          97 -99.28571429  25.07246377 170.86956522
          98 -99.28571429  25.65217391 167.82608696
          99 -99.28571429  26.23188406 164.78260870
         100 -99.28571429  26.81159420 161.73913043
         101 -99.28571429  27.39130435 158.69565217
         102 -99.28571429  27.97101449 155.65217391
         103 -99.28571429  28.55072464 152.60869565
         104 -99.28571429  29.13043478 149.56521739
         105 -99.28571429  29.71014493 146.52173913
         106 -99.28571429  30.28985507 143.47826087
         107 -99.28571429  30.86956522 140.43478261
         108 -99.28571429  31.44927536 137.39130435
         109 -99.28571429  32.02898551 134.34782609
         110 -99.28571429  32.60869565 131.30434783
         111 -99.28571429  33.18840580 128.26086957
         112 -99.28571429  33.76811594 125.21739130
         113 -99.28571429  34.34782609 122.17391304
         114 -99.28571429  34.92753623 119.13043478
         115 -99.28571429  35.50724638 116.08695652
         116 -99.28571429  36.08695652 113.04347826
         117 -99.28571429  36.66666667 110.00000000
         118 -99.28571429  37.24637681 106.95652174
         119 -99.28571429  37.82608696 103.91304348
         120 -99.28571429  38.40579710 100.86956522
         121 -99.28571429  38.98550725  97.82608696
         122 -99.28571429  39.56521739  94.78260870
         123 -99.28571429  40.14492754  91.73913043
         124 -99.28571429  40.72463768  88.69565217
         125 -99.28571429  41.30434783  85.65217391
         126 -99.28571429  41.88405797  82.60869565
         127 -99.28571429  42.46376812  79.56521739
         128 -99.28571429  43.04347826  76.52173913
         129 -99.28571429  43.62318841  73.47826087
         130 -99.28571429  44.20289855  70.43478261
         131 -99.28571429  44.78260870  67.39130435
         132 -99.28571429  45.36231884  64.34782609
         133 -99.28571429  45.94202899  61.30434783
         134 -99.28571429  46.52173913  58.26086957
         135 -99.28571429  47.10144928  55.21739130
         136 -99.28571429  47.68115942  52.17391304
         137 -99.28571429  48.26086957  49.13043478
         138 -99.28571429  48.84057971  46.08695652
         139 -99.28571429  49.42028986  43.04347826
         140 -99.28571429  50.00000000  40.00000000
         141 -98.57142857  10.00000000 250.00000000
         142 -98.57142857  10.57971014 246.95652174
         143 -98.57142857  11.15942029 243.91304348
         144 -98.57142857  11.73913043 240.86956522
         145 -98.57142857  12.31884058 237.82608696
         146 -98.57142857  12.89855072 234.78260870
         147 -98.57142857  13.47826087 231.73913043
         148 -98.57142857  14.05797101 228.69565217
         149 -98.57142857  14.63768116 225.65217391
         150 -98.57142857  15.21739130 222.60869565
         151 -98.57142857  15.79710145 219.56521739
         152 -98.57142857  16.37681159 216.52173913
         153 -98.57142857  16.95652174 213.47826087
         154 -98.57142857  17.53623188 210.43478261
         155 -98.57142857  18.11594203 207.39130435
         156 -98.57142857  18.69565217 204.34782609
         157 -98.57142857  19.27536232 201.30434783
         158 -98.57142857  19.85507246 198.26086957
         159 -98.57142857  20.43478261 195.21739130
         160 -98.57142857  21.01449275 192.17391304
         161 -98.57142857  21.59420290 189.13043478
         162 -98.57142857  22.17391304 186.08695652
         163 -98.57142857  22.75362319 183.04347826
         164 -98.57142857  23.33333333 180.00000000
         165 -98.57142857  23.91304348 176.95652174
         166 -98.57142857  24.49275362 173.91304348
         167 -98.57142857  25.07246377 170.86956522
         168 -98.57142857  25.65217391 167.82608696
         169 -98.57142857  26.23188406 164.78260870
         170 -98.57142857  26.81159420 161.73913043
         171 -98.57142857  27.39130435 158.69565217
         172 -98.57142857  27.97101449 155.65217391
         173 -98.57142857  28.55072464 152.60869565
         174 -98.57142857  29.13043478 149.56521739
         175 -98.57142857  29.71014493 146.52173913
         176 -98.57142857  30.28985507 143.47826087
         177 -98.57142857  30.86956522 140.43478261
         178 -98.57142857  31.44927536 137.39130435
         179 -98.57142857  32.02898551 134.34782609
         180 -98.57142857  32.60869565 131.30434783
         181 -98.57142857  33.18840580 128.26086957
         182 -98.57142857  33.76811594 125.21739130
         183 -98.57142857  34.34782609 122.17391304
         184 -98.57142857  34.92753623 119.13043478
         185 -98.57142857  35.50724638 116.08695652
         186 -98.57142857  36.08695652 113.04347826
         187 -98.57142857  36.66666667 110.00000000
         188 -98.57142857  37.24637681 106.95652174
         189 -98.57142857  37.82608696 103.91304348
         190 -98.57142857  38.40579710 100.86956522
         191 -98.57142857  38.98550725  97.82608696
         192 -98.57142857  39.56521739  94.78260870
         193 -98.57142857  40.14492754  91.73913043
         194 -98.57142857  40.72463768  88.69565217
         195 -98.57142857  41.30434783  85.65217391
         196 -98.57142857  41.88405797  82.60869565
         197 -98.57142857  42.46376812  79.56521739
         198 -98.57142857  43.04347826  76.52173913
         199 -98.57142857  43.62318841  73.47826087
         200 -98.57142857  44.20289855  70.43478261
         201 -98.57142857  44.78260870  67.39130435
         202 -98.57142857  45.36231884  64.34782609
         203 -98.57142857  45.94202899  61.30434783
         204 -98.57142857  46.52173913  58.26086957
         205 -98.57142857  47.10144928  55.21739130
         206 -98.57142857  47.68115942  52.17391304
         207 -98.57142857  48.26086957  49.13043478
         208 -98.57142857  48.84057971  46.08695652
         209 -98.57142857  49.42028986  43.04347826
         210 -98.57142857  50.00000000  40.00000000
         211 -97.85714286  10.00000000 250.00000000
         212 -97.85714286  10.57971014 246.95652174
         213 -97.85714286  11.15942029 243.91304348
         214 -97.85714286  11.73913043 240.86956522
         215 -97.85714286  12.31884058 237.82608696
         216 -97.85714286  12.89855072 234.78260870
         217 -97.85714286  13.47826087 231.73913043
         218 -97.85714286  14.05797101 228.69565217
         219 -97.85714286  14.63768116 225.65217391
         220 -97.85714286  15.21739130 222.60869565
         221 -97.85714286  15.79710145 219.56521739
         222 -97.85714286  16.37681159 216.52173913
         223 -97.85714286  16.95652174 213.47826087
         224 -97.85714286  17.53623188 210.43478261
         225 -97.85714286  18.11594203 207.39130435
         226 -97.85714286  18.69565217 204.34782609
         227 -97.85714286  19.27536232 201.30434783
         228 -97.85714286  19.85507246 198.26086957
         229 -97.85714286  20.43478261 195.21739130
         230 -97.85714286  21.01449275 192.17391304
         231 -97.85714286  21.59420290 189.13043478
         232 -97.85714286  22.17391304 186.08695652
         233 -97.85714286  22.75362319 183.04347826
         234 -97.85714286  23.33333333 180.00000000
         235 -97.85714286  23.91304348 176.95652174
         236 -97.85714286  24.49275362 173.91304348
         237 -97.85714286  25.07246377 170.86956522
         238 -97.85714286  25.65217391 167.82608696
         239 -97.85714286  26.23188406 164.78260870
         240 -97.85714286  26.81159420 161.73913043
         241 -97.85714286  27.39130435 158.69565217
         242 -97.85714286  27.97101449 155.65217391
         243 -97.85714286  28.55072464 152.60869565
         244 -97.85714286  29.13043478 149.56521739
         245 -97.85714286  29.71014493 146.52173913
         246 -97.85714286  30.28985507 143.47826087
         247 -97.85714286  30.86956522 140.43478261
         248 -97.85714286  31.44927536 137.39130435
         249 -97.85714286  32.02898551 134.34782609
         250 -97.85714286  32.60869565 131.30434783
         251 -97.85714286  33.18840580 128.26086957
         252 -97.85714286  33.76811594 125.21739130
         253 -97.85714286  34.34782609 122.17391304
         254 -97.85714286  34.92753623 119.13043478
         255 -97.85714286  35.50724638 116.08695652
         256 -97.85714286  36.08695652 113.04347826
         257 -97.85714286  36.66666667 110.00000000
         258 -97.85714286  37.24637681 106.95652174
         259 -97.85714286  37.82608696 103.91304348
         260 -97.85714286  38.40579710 100.86956522
         261 -97.85714286  38.98550725  97.82608696
         262 -97.85714286  39.56521739  94.78260870
         263 -97.85714286  40.14492754  91.73913043
         264 -97.85714286  40.72463768  88.69565217
         265 -97.85714286  41.30434783  85.65217391
         266 -97.85714286  41.88405797  82.60869565
         267 -97.85714286  42.46376812  79.56521739
         268 -97.85714286  43.04347826  76.52173913
         269 -97.85714286  43.62318841  73.47826087
         270 -97.85714286  44.20289855  70.43478261
         271 -97.85714286  44.78260870  67.39130435
         272 -97.85714286  45.36231884  64.34782609
         273 -97.85714286  45.94202899  61.30434783
         274 -97.85714286  46.52173913  58.26086957
         275 -97.85714286  47.10144928  55.21739130
         276 -97.85714286  47.68115942  52.17391304
         277 -97.85714286  48.26086957  49.13043478
         278 -97.85714286  48.84057971  46.08695652
         279 -97.85714286  49.42028986  43.04347826
         280 -97.85714286  50.00000000  40.00000000
         281 -97.14285714  10.00000000 250.00000000
         282 -97.14285714  10.57971014 246.95652174
         283 -97.14285714  11.15942029 243.91304348
         284 -97.14285714  11.73913043 240.86956522
         285 -97.14285714  12.31884058 237.82608696
         286 -97.14285714  12.89855072 234.78260870
         287 -97.14285714  13.47826087 231.73913043
         288 -97.14285714  14.05797101 228.69565217
         289 -97.14285714  14.63768116 225.65217391
         290 -97.14285714  15.21739130 222.60869565
         291 -97.14285714  15.79710145 219.56521739
         292 -97.14285714  16.37681159 216.52173913
         293 -97.14285714  16.95652174 213.47826087
         294 -97.14285714  17.53623188 210.43478261
         295 -97.14285714  18.11594203 207.39130435
         296 -97.14285714  18.69565217 204.34782609
         297 -97.14285714  19.27536232 201.30434783
         298 -97.14285714  19.85507246 198.26086957
         299 -97.14285714  20.43478261 195.21739130
         300 -97.14285714  21.01449275 192.17391304
         301 -97.14285714  21.59420290 189.13043478
         302 -97.14285714  22.17391304 186.08695652
         303 -97.14285714  22.75362319 183.04347826
         304 -97.14285714  23.33333333 180.00000000
         305 -97.14285714  23.91304348 176.95652174
         306 -97.14285714  24.49275362 173.91304348
         307 -97.14285714  25.07246377 170.86956522
         308 -97.14285714  25.65217391 167.82608696
         309 -97.14285714  26.23188406 164.78260870
         310 -97.14285714  26.81159420 161.73913043
         311 -97.14285714  27.39130435 158.69565217
         312 -97.14285714  27.97101449 155.65217391
         313 -97.14285714  28.55072464 152.60869565
         314 -97.14285714  29.13043478 149.56521739
         315 -97.14285714  29.71014493 146.52173913
         316 -97.14285714  30.28985507 143.47826087
         317 -97.14285714  30.86956522 140.43478261
         318 -97.14285714  31.44927536 137.39130435
         319 -97.14285714  32.02898551 134.34782609
         320 -97.14285714  32.60869565 131.30434783
         321 -97.14285714  33.18840580 128.26086957
         322 -97.14285714  33.76811594 125.21739130
         323 -97.14285714  34.34782609 122.17391304
         324 -97.14285714  34.92753623 119.13043478
         325 -97.14285714  35.50724638 116.08695652
         326 -97.14285714  36.08695652 113.04347826
         327 -97.14285714  36.66666667 110.00000000
         328 -97.14285714  37.24637681 106.95652174
         329 -97.14285714  37.82608696 103.91304348
         330 -97.14285714  38.40579710 100.86956522
         331 -97.14285714  38.98550725  97.82608696
         332 -97.14285714  39.56521739  94.78260870
         333 -97.14285714  40.14492754  91.73913043
         334 -97.14285714  40.72463768  88.69565217
         335 -97.14285714  41.30434783  85.65217391
         336 -97.14285714  41.88405797  82.60869565
         337 -97.14285714  42.46376812  79.56521739
         338 -97.14285714  43.04347826  76.52173913
         339 -97.14285714  43.62318841  73.47826087
         340 -97.14285714  44.20289855  70.43478261
         341 -97.14285714  44.78260870  67.39130435
         342 -97.14285714  45.36231884  64.34782609
         343 -97.14285714  45.94202899  61.30434783
         344 -97.14285714  46.52173913  58.26086957
         345 -97.14285714  47.10144928  55.21739130
         346 -97.14285714  47.68115942  52.17391304
         347 -97.14285714  48.26086957  49.13043478
         348 -97.14285714  48.84057971  46.08695652
         349 -97.14285714  49.42028986  43.04347826
         350 -97.14285714  50.00000000  40.00000000
         351 -96.42857143  10.00000000 250.00000000
         352 -96.42857143  10.57971014 246.95652174
         353 -96.42857143  11.15942029 243.91304348
         354 -96.42857143  11.73913043 240.86956522
         355 -96.42857143  12.31884058 237.82608696
         356 -96.42857143  12.89855072 234.78260870
         357 -96.42857143  13.47826087 231.73913043
         358 -96.42857143  14.05797101 228.69565217
         359 -96.42857143  14.63768116 225.65217391
         360 -96.42857143  15.21739130 222.60869565
         361 -96.42857143  15.79710145 219.56521739
         362 -96.42857143  16.37681159 216.52173913
         363 -96.42857143  16.95652174 213.47826087
         364 -96.42857143  17.53623188 210.43478261
         365 -96.42857143  18.11594203 207.39130435
         366 -96.42857143  18.69565217 204.34782609
         367 -96.42857143  19.27536232 201.30434783
         368 -96.42857143  19.85507246 198.26086957
         369 -96.42857143  20.43478261 195.21739130
         370 -96.42857143  21.01449275 192.17391304
         371 -96.42857143  21.59420290 189.13043478
         372 -96.42857143  22.17391304 186.08695652
         373 -96.42857143  22.75362319 183.04347826
         374 -96.42857143  23.33333333 180.00000000
         375 -96.42857143  23.91304348 176.95652174
         376 -96.42857143  24.49275362 173.91304348
         377 -96.42857143  25.07246377 170.86956522
         378 -96.42857143  25.65217391 167.82608696
         379 -96.42857143  26.23188406 164.78260870
         380 -96.42857143  26.81159420 161.73913043
         381 -96.42857143  27.39130435 158.69565217
         382 -96.42857143  27.97101449 155.65217391
         383 -96.42857143  28.55072464 152.60869565
         384 -96.42857143  29.13043478 149.56521739
         385 -96.42857143  29.71014493 146.52173913
         386 -96.42857143  30.28985507 143.47826087
         387 -96.42857143  30.86956522 140.43478261
         388 -96.42857143  31.44927536 137.39130435
         389 -96.42857143  32.02898551 134.34782609
         390 -96.42857143  32.60869565 131.30434783
         391 -96.42857143  33.18840580 128.26086957
         392 -96.42857143  33.76811594 125.21739130
         393 -96.42857143  34.34782609 122.17391304
         394 -96.42857143  34.92753623 119.13043478
         395 -96.42857143  35.50724638 116.08695652
         396 -96.42857143  36.08695652 113.04347826
         397 -96.42857143  36.66666667 110.00000000
         398 -96.42857143  37.24637681 106.95652174
         399 -96.42857143  37.82608696 103.91304348
         400 -96.42857143  38.40579710 100.86956522
         401 -96.42857143  38.98550725  97.82608696
         402 -96.42857143  39.56521739  94.78260870
         403 -96.42857143  40.14492754  91.73913043
         404 -96.42857143  40.72463768  88.69565217
         405 -96.42857143  41.30434783  85.65217391
         406 -96.42857143  41.88405797  82.60869565
         407 -96.42857143  42.46376812  79.56521739
         408 -96.42857143  43.04347826  76.52173913
         409 -96.42857143  43.62318841  73.47826087
         410 -96.42857143  44.20289855  70.43478261
         411 -96.42857143  44.78260870  67.39130435
         412 -96.42857143  45.36231884  64.34782609
         413 -96.42857143  45.94202899  61.30434783
         414 -96.42857143  46.52173913  58.26086957
         415 -96.42857143  47.10144928  55.21739130
         416 -96.42857143  47.68115942  52.17391304
         417 -96.42857143  48.26086957  49.13043478
         418 -96.42857143  48.84057971  46.08695652
         419 -96.42857143  49.42028986  43.04347826
         420 -96.42857143  50.00000000  40.00000000
         421 -95.71428571  10.00000000 250.00000000
         422 -95.71428571  10.57971014 246.95652174
         423 -95.71428571  11.15942029 243.91304348
         424 -95.71428571  11.73913043 240.86956522
         425 -95.71428571  12.31884058 237.82608696
         426 -95.71428571  12.89855072 234.78260870
         427 -95.71428571  13.47826087 231.73913043
         428 -95.71428571  14.05797101 228.69565217
         429 -95.71428571  14.63768116 225.65217391
         430 -95.71428571  15.21739130 222.60869565
         431 -95.71428571  15.79710145 219.56521739
         432 -95.71428571  16.37681159 216.52173913
         433 -95.71428571  16.95652174 213.47826087
         434 -95.71428571  17.53623188 210.43478261
         435 -95.71428571  18.11594203 207.39130435
         436 -95.71428571  18.69565217 204.34782609
         437 -95.71428571  19.27536232 201.30434783
         438 -95.71428571  19.85507246 198.26086957
         439 -95.71428571  20.43478261 195.21739130
         440 -95.71428571  21.01449275 192.17391304
         441 -95.71428571  21.59420290 189.13043478
         442 -95.71428571  22.17391304 186.08695652
         443 -95.71428571  22.75362319 183.04347826
         444 -95.71428571  23.33333333 180.00000000
         445 -95.71428571  23.91304348 176.95652174
         446 -95.71428571  24.49275362 173.91304348
         447 -95.71428571  25.07246377 170.86956522
         448 -95.71428571  25.65217391 167.82608696
         449 -95.71428571  26.23188406 164.78260870
         450 -95.71428571  26.81159420 161.73913043
         451 -95.71428571  27.39130435 158.69565217
         452 -95.71428571  27.97101449 155.65217391
         453 -95.71428571  28.55072464 152.60869565
         454 -95.71428571  29.13043478 149.56521739
         455 -95.71428571  29.71014493 146.52173913
         456 -95.71428571  30.28985507 143.47826087
         457 -95.71428571  30.86956522 140.43478261
         458 -95.71428571  31.44927536 137.39130435
         459 -95.71428571  32.02898551 134.34782609
         460 -95.71428571  32.60869565 131.30434783
         461 -95.71428571  33.18840580 128.26086957
         462 -95.71428571  33.76811594 125.21739130
         463 -95.71428571  34.34782609 122.17391304
         464 -95.71428571  34.92753623 119.13043478
         465 -95.71428571  35.50724638 116.08695652
         466 -95.71428571  36.08695652 113.04347826
         467 -95.71428571  36.66666667 110.00000000
         468 -95.71428571  37.24637681 106.95652174
         469 -95.71428571  37.82608696 103.91304348
         470 -95.71428571  38.40579710 100.86956522
         471 -95.71428571  38.98550725  97.82608696
         472 -95.71428571  39.56521739  94.78260870
         473 -95.71428571  40.14492754  91.73913043
         474 -95.71428571  40.72463768  88.69565217
         475 -95.71428571  41.30434783  85.65217391
         476 -95.71428571  41.88405797  82.60869565
         477 -95.71428571  42.46376812  79.56521739
         478 -95.71428571  43.04347826  76.52173913
         479 -95.71428571  43.62318841  73.47826087
         480 -95.71428571  44.20289855  70.43478261
         481 -95.71428571  44.78260870  67.39130435
         482 -95.71428571  45.36231884  64.34782609
         483 -95.71428571  45.94202899  61.30434783
         484 -95.71428571  46.52173913  58.26086957
         485 -95.71428571  47.10144928  55.21739130
         486 -95.71428571  47.68115942  52.17391304
         487 -95.71428571  48.26086957  49.13043478
         488 -95.71428571  48.84057971  46.08695652
         489 -95.71428571  49.42028986  43.04347826
         490 -95.71428571  50.00000000  40.00000000
         491 -95.00000000  10.00000000 250.00000000
         492 -95.00000000  10.57971014 246.95652174
         493 -95.00000000  11.15942029 243.91304348
         494 -95.00000000  11.73913043 240.86956522
         495 -95.00000000  12.31884058 237.82608696
         496 -95.00000000  12.89855072 234.78260870
         497 -95.00000000  13.47826087 231.73913043
         498 -95.00000000  14.05797101 228.69565217
         499 -95.00000000  14.63768116 225.65217391
         500 -95.00000000  15.21739130 222.60869565
         501 -95.00000000  15.79710145 219.56521739
         502 -95.00000000  16.37681159 216.52173913
         503 -95.00000000  16.95652174 213.47826087
         504 -95.00000000  17.53623188 210.43478261
         505 -95.00000000  18.11594203 207.39130435
         506 -95.00000000  18.69565217 204.34782609
         507 -95.00000000  19.27536232 201.30434783
         508 -95.00000000  19.85507246 198.26086957
         509 -95.00000000  20.43478261 195.21739130
         510 -95.00000000  21.01449275 192.17391304
         511 -95.00000000  21.59420290 189.13043478
         512 -95.00000000  22.17391304 186.08695652
         513 -95.00000000  22.75362319 183.04347826
         514 -95.00000000  23.33333333 180.00000000
         515 -95.00000000  23.91304348 176.95652174
         516 -95.00000000  24.49275362 173.91304348
         517 -95.00000000  25.07246377 170.86956522
         518 -95.00000000  25.65217391 167.82608696
         519 -95.00000000  26.23188406 164.78260870
         520 -95.00000000  26.81159420 161.73913043
         521 -95.00000000  27.39130435 158.69565217
         522 -95.00000000  27.97101449 155.65217391
         523 -95.00000000  28.55072464 152.60869565
         524 -95.00000000  29.13043478 149.56521739
         525 -95.00000000  29.71014493 146.52173913
         526 -95.00000000  30.28985507 143.47826087
         527 -95.00000000  30.86956522 140.43478261
         528 -95.00000000  31.44927536 137.39130435
         529 -95.00000000  32.02898551 134.34782609
         530 -95.00000000  32.60869565 131.30434783
         531 -95.00000000  33.18840580 128.26086957
         532 -95.00000000  33.76811594 125.21739130
         533 -95.00000000  34.34782609 122.17391304
         534 -95.00000000  34.92753623 119.13043478
         535 -95.00000000  35.50724638 116.08695652
         536 -95.00000000  36.08695652 113.04347826
         537 -95.00000000  36.66666667 110.00000000
         538 -95.00000000  37.24637681 106.95652174
         539 -95.00000000  37.82608696 103.91304348
         540 -95.00000000  38.40579710 100.86956522
         541 -95.00000000  38.98550725  97.82608696
         542 -95.00000000  39.56521739  94.78260870
         543 -95.00000000  40.14492754  91.73913043
         544 -95.00000000  40.72463768  88.69565217
         545 -95.00000000  41.30434783  85.65217391
         546 -95.00000000  41.88405797  82.60869565
         547 -95.00000000  42.46376812  79.56521739
         548 -95.00000000  43.04347826  76.52173913
         549 -95.00000000  43.62318841  73.47826087
         550 -95.00000000  44.20289855  70.43478261
         551 -95.00000000  44.78260870  67.39130435
         552 -95.00000000  45.36231884  64.34782609
         553 -95.00000000  45.94202899  61.30434783
         554 -95.00000000  46.52173913  58.26086957
         555 -95.00000000  47.10144928  55.21739130
         556 -95.00000000  47.68115942  52.17391304
         557 -95.00000000  48.26086957  49.13043478
         558 -95.00000000  48.84057971  46.08695652
         559 -95.00000000  49.42028986  43.04347826
         560 -95.00000000  50.00000000  40.00000000
           1 3 1 71 2
           2 3 2 71 72
           3 3 2 72 3
           4 3 3 72 73
           5 3 3 73 4
           6 3 4 73 74
           7 3 4 74 5
           8 3 5 74 75
           9 3 5 75 6
          10 3 6 75 76
          11 3 6 76 7
          12 3 7 76 77
          13 3 7 77 8
          14 3 8 77 78
          15 3 8 78 9
          16 3 9 78 79
          17 3 9 79 10
          18 3 10 79 80
          19 3 10 80 11
          20 3 11 80 81
          21 3 11 81 12
          22 3 12 81 82
          23 3 12 82 13
          24 3 13 82 83
          25 3 13 83 14
          26 3 14 83 84
          27 3 14 84 15
          28 3 15 84 85
          29 3 15 85 16
          30 3 16 85 86
          31 3 16 86 17
          32 3 17 86 87
          33 3 17 87 18
          34 3 18 87 88
          35 3 18 88 19
          36 3 19 88 89
          37 3 19 89 20
          38 3 20 89 90
          39 3 20 90 21
          40 3 21 90 91
          41 3 21 91 22
          42 3 22 91 92
          43 3 22 92 23
          44 3 23 92 93
          45 3 23 93 24
          46 3 24 93 94
          47 3 24 94 25
          48 3 25 94 95
          49 3 25 95 26
          50 3 26 95 96
          51 3 26 96 27
          52 3 27 96 97
          53 3 27 97 28
          54 3 28 97 98
          55 3 28 98 29
          56 3 29 98 99
          57 3 29 99 30
          58 3 30 99 100
          59 3 30 100 31
          60 3 31 100 101
          61 3 31 101 32
          62 3 32 101 102
          63 3 32 102 33
          64 3 33 102 103
          65 3 33 103 34
          66 3 34 103 104
          67 3 34 104 35
          68 3 35 104 105
          69 3 35 105 36
          70 3 36 105 106
          71 3 36 106 37
          72 3 37 106 107
          73 3 37 107 38
          74 3 38 107 108
          75 3 38 108 39
          76 3 39 108 109
          77 3 39 109 40
          78 3 40 109 110
          79 3 40 110 41
          80 3 41 110 111
          81 3 41 111 42
          82 3 42 111 112
          83 3 42 112 43
          84 3 43 112 113
          85 3 43 113 44
          86 3 44 113 114
          87 3 44 114 45
          88 3 45 114 115
          89 3 45 115 46
          90 3 46 115 116
          91 3 46 116 47
          92 3 47 116 117
          93 3 47 117 48
          94 3 48 117 118
          95 3 48 118 49
          96 3 49 118 119
          97 3 49 119 50
          98 3 50 119 120
          99 3 50 120 51
         100 3 51 120 121
         101 3 51 121 52
         102 3 52 121 122
         103 3 52 122 53
         104 3 53 122 123
         105 3 53 123 54
         106 3 54 123 124
         107 3 54 124 55
         108 3 55 124 125
         109 3 55 125 56
         110 3 56 125 126
         111 3 56 126 57
         112 3 57 126 127
         113 3 57 127 58
         114 3 58 127 128
         115 3 58 128 59
         116 3 59 128 129
         117 3 59 129 60
         118 3 60 129 130
         119 3 60 130 61
         120 3 61 130 131
         121 3 61 131 62
         122 3 62 131 132
         123 3 62 132 63
         124 3 63 132 133
         125 3 63 133 64
         126 3 64 133 134
         127 3 64 134 65
         128 3 65 134 135
         129 3 65 135 66
         130 3 66 135 136
         131 3 66 136 67
         132 3 67 136 137
         133 3 67 137 68
         134 3 68 137 138
         135 3 68 138 69
         136 3 69 138 139
         137 3 69 139 70
         138 3 70 139 140
         139 3 71 141 72
         140 3 72 141 142
         141 3 72 142 73
         142 3 73 142 143
         143 3 73 143 74
         144 3 74 143 144
         145 3 74 144 75
         146 3 75 144 145
         147 3 75 145 76
         148 3 76 145 146
         149 3 76 146 77
         150 3 77 146 147
         151 3 77 147 78
         152 3 78 147 148
         153 3 78 148 79
         154 3 79 148 149
         155 3 79 149 80
         156 3 80 149 150
         157 3 80 150 81
         158 3 81 150 151
         159 3 81 151 82
         160 3 82 151 152
         161 3 82 152 83
         162 3 83 152 153
         163 3 83 153 84
         164 3 84 153 154
         165 3 84 154 85
         166 3 85 154 155
         167 3 85 155 86
         168 3 86 155 156
         169 3 86 156 87
         170 3 87 156 157
         171 3 87 157 88
         172 3 88 157 158
         173 3 88 158 89
         174 3 89 158 159
         175 3 89 159 90
         176 3 90 159 160
         177 3 90 160 91
         178 3 91 160 161
         179 3 91 161 92
         180 3 92 161 162
         181 3 92 162 93
         182 3 93 162 163
         183 3 93 163 94
         184 3 94 163 164
         185 3 94 164 95
         186 3 95 164 165
         187 3 95 165 96
         188 3 96 165 166
         189 3 96 166 97
         190 3 97 166 167
         191 3 97 167 98
         192 3 98 167 168
         193 3 98 168 99
         194 3 99 168 169
         195 3 99 169 100
         196 3 100 169 170
         197 3 100 170 101
         198 3 101 170 171
         199 3 101 171 102
         200 3 102 171 172
         201 3 102 172 103
         202 3 103 172 173
         203 3 103 173 104
         204 3 104 173 174
         205 3 104 174 105
         206 3 105 174 175
         207 3 105 175 106
         208 3 106 175 176
         209 3 106 176 107
         210 3 107 176 177
         211 3 107 177 108
         212 3 108 177 178
         213 3 108 178 109
         214 3 109 178 179
         215 3 109 179 110
         216 3 110 179 180
         217 3 110 180 111
         218 3 111 180 181
         219 3 111 181 112
         220 3 112 181 182
         221 3 112 182 113
         222 3 113 182 183
         223 3 113 183 114
         224 3 114 183 184
         225 3 114 184 115
         226 3 115 184 185
         227 3 115 185 116
         228 3 116 185 186
         229 3 116 186 117
         230 3 117 186 187
         231 3 117 187 118
         232 3 118 187 188
         233 3 118 188 119
         234 3 119 188 189
         235 3 119 189 120
         236 3 120 189 190
         237 3 120 190 121
         238 3 121 190 191
         239 3 121 191 122
         240 3 122 191 192
         241 3 122 192 123
         242 3 123 192 193
         243 3 123 193 124
         244 3 124 193 194
         245 3 124 194 125
         246 3 125 194 195
         247 3 125 195 126
         248 3 126 195 196
         249 3 126 196 127
         250 3 127 196 197
         251 3 127 197 128
         252 3 128 197 198
         253 3 128 198 129
         254 3 129 198 199
         255 3 129 199 130
         256 3 130 199 200
         257 3 130 200 131
         258 3 131 200 201
         259 3 131 201 132
         260 3 132 201 202
         261 3 132 202 133
         262 3 133 202 203
         263 3 133 203 134
         264 3 134 203 204
         265 3 134 204 135
         266 3 135 204 205
         267 3 135 205 136
         268 3 136 205 206
         269 3 136 206 137
         270 3 137 206 207
         271 3 137 207 138
         272 3 138 207 208
         273 3 138 208 139
         274 3 139 208 209
         275 3 139 209 140
         276 3 140 209 210
         277 3 141 211 142
         278 3 142 211 212
         279 3 142 212 143
         280 3 143 212 213
         281 3 143 213 144
         282 3 144 213 214
         283 3 144 214 145
         284 3 145 214 215
         285 3 145 215 146
         286 3 146 215 216
         287 3 146 216 147
         288 3 147 216 217
         289 3 147 217 148
         290 3 148 217 218
         291 3 148 218 149
         292 3 149 218 219
         293 3 149 219 150
         294 3 150 219 220
         295 3 150 220 151
         296 3 151 220 221
         297 3 151 221 152
         298 3 152 221 222
         299 3 152 222 153
         300 3 153 222 223
         301 3 153 223 154
         302 3 154 223 224
         303 3 154 224 155
         304 3 155 224 225
         305 3 155 225 156
         306 3 156 225 226
         307 3 156 226 157
         308 3 157 226 227
         309 3 157 227 158
         310 3 158 227 228
         311 3 158 228 159
         312 3 159 228 229
         313 3 159 229 160
         314 3 160 229 230
         315 3 160 230 161
         316 3 161 230 231
         317 3 161 231 162
         318 3 162 231 232
         319 3 162 232 163
         320 3 163 232 233
         321 3 163 233 164
         322 3 164 233 234
         323 3 164 234 165
         324 3 165 234 235
         325 3 165 235 166
         326 3 166 235 236
         327 3 166 236 167
         328 3 167 236 237
         329 3 167 237 168
         330 3 168 237 238
         331 3 168 238 169
         332 3 169 238 239
         333 3 169 239 170
         334 3 170 239 240
         335 3 170 240 171
         336 3 171 240 241
         337 3 171 241 172
         338 3 172 241 242
         339 3 172 242 173
         340 3 173 242 243
         341 3 173 243 174
         342 3 174 243 244
         343 3 174 244 175
         344 3 175 244 245
         345 3 175 245 176
         346 3 176 245 246
         347 3 176 246 177
         348 3 177 246 247
         349 3 177 247 178
         350 3 178 247 248
         351 3 178 248 179
         352 3 179 248 249
         353 3 179 249 180
         354 3 180 249 250
         355 3 180 250 181
         356 3 181 250 251
         357 3 181 251 182
         358 3 182 251 252
         359 3 182 252 183
         360 3 183 252 253
         361 3 183 253 184
         362 3 184 253 254
         363 3 184 254 185
         364 3 185 254 255
         365 3 185 255 186
         366 3 186 255 256
         367 3 186 256 187
         368 3 187 256 257
         369 3 187 257 188
         370 3 188 257 258
         371 3 188 258 189
         372 3 189 258 259
         373 3 189 259 190
         374 3 190 259 260
         375 3 190 260 191
         376 3 191 260 261
         377 3 191 261 192
         378 3 192 261 262
         379 3 192 262 193
         380 3 193 262 263
         381 3 193 263 194
         382 3 194 263 264
         383 3 194 264 195
         384 3 195 264 265
         385 3 195 265 196
         386 3 196 265 266
         387 3 196 266 197
         388 3 197 266 267
         389 3 197 267 198
         390 3 198 267 268
         391 3 198 268 199
         392 3 199 268 269
         393 3 199 269 200
         394 3 200 269 270
         395 3 200 270 201
         396 3 201 270 271
         397 3 201 271 202
         398 3 202 271 272
         399 3 202 272 203
         400 3 203 272 273
         401 3 203 273 204
         402 3 204 273 274
         403 3 204 274 205
         404 3 205 274 275
         405 3 205 275 206
         406 3 206 275 276
         407 3 206 276 207
         408 3 207 276 277
         409 3 207 277 208
         410 3 208 277 278
         411 3 208 278 209
         412 3 209 278 279
         413 3 209 279 210
         414 3 210 279 280
         415 3 211 281 212
         416 3 212 281 282
         417 3 212 282 213
         418 3 213 282 283
         419 3 213 283 214
         420 3 214 283 284
         421 3 214 284 215
         422 3 215 284 285
         423 3 215 285 216
         424 3 216 285 286
         425 3 216 286 217
         426 3 217 286 287
         427 3 217 287 218
         428 3 218 287 288
         429 3 218 288 219
         430 3 219 288 289
         431 3 219 289 220
         432 3 220 289 290
         433 3 220 290 221
         434 3 221 290 291
         435 3 221 291 222
         436 3 222 291 292
         437 3 222 292 223
         438 3 223 292 293
         439 3 223 293 224
         440 3 224 293 294
         441 3 224 294 225
         442 3 225 294 295
         443 3 225 295 226
         444 3 226 295 296
         445 3 226 296 227
         446 3 227 296 297
         447 3 227 297 228
         448 3 228 297 298
         449 3 228 298 229
         450 3 229 298 299
         451 3 229 299 230
         452 3 230 299 300
         453 3 230 300 231
         454 3 231 300 301
         455 3 231 301 232
         456 3 232 301 302
         457 3 232 302 233
         458 3 233 302 303
         459 3 233 303 234
         460 3 234 303 304
         461 3 234 304 235
         462 3 235 304 305
         463 3 235 305 236
         464 3 236 305 306
         465 3 236 306 237
         466 3 237 306 307
         467 3 237 307 238
         468 3 238 307 308
         469 3 238 308 239
         470 3 239 308 309
         471 3 239 309 240
         472 3 240 309 310
         473 3 240 310 241
         474 3 241 310 311
         475 3 241 311 242
         476 3 242 311 312
         477 3 242 312 243
         478 3 243 312 313
         479 3 243 313 244
         480 3 244 313 314
         481 3 244 314 245
         482 3 245 314 315
         483 3 245 315 246
         484 3 246 315 316
         485 3 246 316 247
         486 3 247 316 317
         487 3 247 317 248
         488 3 248 317 318
         489 3 248 318 249
         490 3 249 318 319
         491 3 249 319 250
         492 3 250 319 320
         493 3 250 320 251
         494 3 251 320 321
         495 3 251 321 252
         496 3 252 321 322
         497 3 252 322 253
         498 3 253 322 323
         499 3 253 323 254
         500 3 254 323 324
         501 3 254 324 255
         502 3 255 324 325
         503 3 255 325 256
         504 3 256 325 326
         505 3 256 326 257
         506 3 257 326 327
         507 3 257 327 258
         508 3 258 327 328
         509 3 258 328 259
         510 3 259 328 329
         511 3 259 329 260
         512 3 260 329 330
         513 3 260 330 261
         514 3 261 330 331
         515 3 261 331 262
         516 3 262 331 332
         517 3 262 332 263
         518 3 263 332 333
         519 3 263 333 264
         520 3 264 333 334
         521 3 264 334 265
         522 3 265 334 335
         523 3 265 335 266
         524 3 266 335 336
         525 3 266 336 267
         526 3 267 336 337
         527 3 267 337 268
         528 3 268 337 338
         529 3 268 338 269
         530 3 269 338 339
         531 3 269 339 270
         532 3 270 339 340
         533 3 270 340 271
         534 3 271 340 341
         535 3 271 341 272
         536 3 272 341 342
         537 3 272 342 273
         538 3 273 342 343
         539 3 273 343 274
         540 3 274 343 344
         541 3 274 344 275
         542 3 275 344 345
         543 3 275 345 276
         544 3 276 345 346
         545 3 276 346 277
         546 3 277 346 347
         547 3 277 347 278
         548 3 278 347 348
         549 3 278 348 279
         550 3 279 348 349
         551 3 279 349 280
         552 3 280 349 350
         553 3 281 351 282
         554 3 282 351 352
         555 3 282 352 283
         556 3 283 352 353
         557 3 283 353 284
         558 3 284 353 354
         559 3 284 354 285
         560 3 285 354 355
         561 3 285 355 286
         562 3 286 355 356
         563 3 286 356 287
         564 3 287 356 357
         565 3 287 357 288
         566 3 288 357 358
         567 3 288 358 289
         568 3 289 358 359
         569 3 289 359 290
         570 3 290 359 360
         571 3 290 360 291
         572 3 291 360 361
         573 3 291 361 292
         574 3 292 361 362
         575 3 292 362 293
         576 3 293 362 363
         577 3 293 363 294
         578 3 294 363 364
         579 3 294 364 295
         580 3 295 364 365
         581 3 295 365 296
         582 3 296 365 366
         583 3 296 366 297
         584 3 297 366 367
         585 3 297 367 298
         586 3 298 367 368
         587 3 298 368 299
         588 3 299 368 369
         589 3 299 369 300
         590 3 300 369 370
         591 3 300 370 301
         592 3 301 370 371
         593 3 301 371 302
         594 3 302 371 372
         595 3 302 372 303
         596 3 303 372 373
         597 3 303 373 304
         598 3 304 373 374
         599 3 304 374 305
         600 3 305 374 375
         601 3 305 375 306
         602 3 306 375 376
         603 3 306 376 307
         604 3 307 376 377
         605 3 307 377 308
         606 3 308 377 378
         607 3 308 378 309
         608 3 309 378 379
         609 3 309 379 310
         610 3 310 379 380
         611 3 310 380 311
         612 3 311 380 381
         613 3 311 381 312
         614 3 312 381 382
         615 3 312 382 313
         616 3 313 382 383
         617 3 313 383 314
         618 3 314 383 384
         619 3 314 384 315
         620 3 315 384 385
         621 3 315 385 316
         622 3 316 385 386
         623 3 316 386 317
         624 3 317 386 387
         625 3 317 387 318
         626 3 318 387 388
         627 3 318 388 319
         628 3 319 388 389
         629 3 319 389 320
         630 3 320 389 390
         631 3 320 390 321
         632 3 321 390 391
         633 3 321 391 322
         634 3 322 391 392
         635 3 322 392 323
         636 3 323 392 393
         637 3 323 393 324
         638 3 324 393 394
         639 3 324 394 325
         640 3 325 394 395
         641 3 325 395 326
         642 3 326 395 396
         643 3 326 396 327
         644 3 327 396 397
         645 3 327 397 328
         646 3 328 397 398
         647 3 328 398 329
         648 3 329 398 399
         649 3 329 399 330
         650 3 330 399 400
         651 3 330 400 331
         652 3 331 400 401
         653 3 331 401 332
         654 3 332 401 402
         655 3 332 402 333
         656 3 333 402 403
         657 3 333 403 334
         658 3 334 403 404
         659 3 334 404 335
         660 3 335 404 405
         661 3 335 405 336
         662 3 336 405 406
         663 3 336 406 337
         664 3 337 406 407
         665 3 337 407 338
         666 3 338 407 408
         667 3 338 408 339
         668 3 339 408 409
         669 3 339 409 340
         670 3 340 409 410
         671 3 340 410 341
         672 3 341 410 411
         673 3 341 411 342
         674 3 342 411 412
         675 3 342 412 343
         676 3 343 412 413
         677 3 343 413 344
         678 3 344 413 414
         679 3 344 414 345
         680 3 345 414 415
         681 3 345 415 346
         682 3 346 415 416
         683 3 346 416 347
         684 3 347 416 417
         685 3 347 417 348
         686 3 348 417 418
         687 3 348 418 349
         688 3 349 418 419
         689 3 349 419 350
         690 3 350 419 420
         691 3 351 421 352
         692 3 352 421 422
         693 3 352 422 353
         694 3 353 422 423
         695 3 353 423 354
         696 3 354 423 424
         697 3 354 424 355
         698 3 355 424 425
         699 3 355 425 356
         700 3 356 425 426
         701 3 356 426 357
         702 3 357 426 427
         703 3 357 427 358
         704 3 358 427 428
         705 3 358 428 359
         706 3 359 428 429
         707 3 359 429 360
         708 3 360 429 430
         709 3 360 430 361
         710 3 361 430 431
         711 3 361 431 362
         712 3 362 431 432
         713 3 362 432 363
         714 3 363 432 433
         715 3 363 433 364
         716 3 364 433 434
         717 3 364 434 365
         718 3 365 434 435
         719 3 365 435 366
         720 3 366 435 436
         721 3 366 436 367
         722 3 367 436 437
         723 3 367 437 368
         724 3 368 437 438
         725 3 368 438 369
         726 3 369 438 439
         727 3 369 439 370
         728 3 370 439 440
         729 3 370 440 371
         730 3 371 440 441
         731 3 371 441 372
         732 3 372 441 442
         733 3 372 442 373
         734 3 373 442 443
         735 3 373 443 374
         736 3 374 443 444
         737 3 374 444 375
         738 3 375 444 445
         739 3 375 445 376
         740 3 376 445 446
         741 3 376 446 377
         742 3 377 446 447
         743 3 377 447 378
         744 3 378 447 448
         745 3 378 448 379
         746 3 379 448 449
         747 3 379 449 380
         748 3 380 449 450
         749 3 380 450 381
         750 3 381 450 451
         751 3 381 451 382
         752 3 382 451 452
         753 3 382 452 383
         754 3 383 452 453
         755 3 383 453 384
         756 3 384 453 454
         757 3 384 454 385
         758 3 385 454 455
         759 3 385 455 386
         760 3 386 455 456
         761 3 386 456 387
         762 3 387 456 457
         763 3 387 457 388
         764 3 388 457 458
         765 3 388 458 389
         766 3 389 458 459
         767 3 389 459 390
         768 3 390 459 460
         769 3 390 460 391
         770 3 391 460 461
         771 3 391 461 392
         772 3 392 461 462
         773 3 392 462 393
         774 3 393 462 463
         775 3 393 463 394
         776 3 394 463 464
         777 3 394 464 395
         778 3 395 464 465
         779 3 395 465 396
         780 3 396 465 466
         781 3 396 466 397
         782 3 397 466 467
         783 3 397 467 398
         784 3 398 467 468
         785 3 398 468 399
         786 3 399 468 469
         787 3 399 469 400
         788 3 400 469 470
         789 3 400 470 401
         790 3 401 470 471
         791 3 401 471 402
         792 3 402 471 472
         793 3 402 472 403
         794 3 403 472 473
         795 3 403 473 404
         796 3 404 473 474
         797 3 404 474 405
         798 3 405 474 475
         799 3 405 475 406
         800 3 406 475 476
         801 3 406 476 407
         802 3 407 476 477
         803 3 407 477 408
         804 3 408 477 478
         805 3 408 478 409
         806 3 409 478 479
         807 3 409 479 410
         808 3 410 479 480
         809 3 410 480 411
         810 3 411 480 481
         811 3 411 481 412
         812 3 412 481 482
         813 3 412 482 413
         814 3 413 482 483
         815 3 413 483 414
         816 3 414 483 484
         817 3 414 484 415
         818 3 415 484 485
         819 3 415 485 416
         820 3 416 485 486
         821 3 416 486 417
         822 3 417 486 487
         823 3 417 487 418
         824 3 418 487 488
         825 3 418 488 419
         826 3 419 488 489
         827 3 419 489 420
         828 3 420 489 490
         829 3 421 491 422
         830 3 422 491 492
         831 3 422 492 423
         832 3 423 492 493
         833 3 423 493 424
         834 3 424 493 494
         835 3 424 494 425
         836 3 425 494 495
         837 3 425 495 426
         838 3 426 495 496
         839 3 426 496 427
         840 3 427 496 497
         841 3 427 497 428
         842 3 428 497 498
         843 3 428 498 429
         844 3 429 498 499
         845 3 429 499 430
         846 3 430 499 500
         847 3 430 500 431
         848 3 431 500 501
         849 3 431 501 432
         850 3 432 501 502
         851 3 432 502 433
         852 3 433 502 503
         853 3 433 503 434
         854 3 434 503 504
         855 3 434 504 435
         856 3 435 504 505
         857 3 435 505 436
         858 3 436 505 506
         859 3 436 506 437
         860 3 437 506 507
         861 3 437 507 438
         862 3 438 507 508
         863 3 438 508 439
         864 3 439 508 509
         865 3 439 509 440
         866 3 440 509 510
         867 3 440 510 441
         868 3 441 510 511
         869 3 441 511 442
         870 3 442 511 512
         871 3 442 512 443
         872 3 443 512 513
         873 3 443 513 444
         874 3 444 513 514
         875 3 444 514 445
         876 3 445 514 515
         877 3 445 515 446
         878 3 446 515 516
         879 3 446 516 447
         880 3 447 516 517
         881 3 447 517 448
         882 3 448 517 518
         883 3 448 518 449
         884 3 449 518 519
         885 3 449 519 450
         886 3 450 519 520
         887 3 450 520 451
         888 3 451 520 521
         889 3 451 521 452
         890 3 452 521 522
         891 3 452 522 453
         892 3 453 522 523
         893 3 453 523 454
         894 3 454 523 524
         895 3 454 524 455
         896 3 455 524 525
         897 3 455 525 456
         898 3 456 525 526
         899 3 456 526 457
         900 3 457 526 527
         901 3 457 527 458
         902 3 458 527 528
         903 3 458 528 459
         904 3 459 528 529
         905 3 459 529 460
         906 3 460 529 530
         907 3 460 530 461
         908 3 461 530 531
         909 3 461 531 462
         910 3 462 531 532
         911 3 462 532 463
         912 3 463 532 533
         913 3 463 533 464
         914 3 464 533 534
         915 3 464 534 465
         916 3 465 534 535
         917 3 465 535 466
         918 3 466 535 536
         919 3 466 536 467
         920 3 467 536 537
         921 3 467 537 468
         922 3 468 537 538
         923 3 468 538 469
         924 3 469 538 539
         925 3 469 539 470
         926 3 470 539 540
         927 3 470 540 471
         928 3 471 540 541
         929 3 471 541 472
         930 3 472 541 542
         931 3 472 542 473
         932 3 473 542 543
         933 3 473 543 474
         934 3 474 543 544
         935 3 474 544 475
         936 3 475 544 545
         937 3 475 545 476
         938 3 476 545 546
         939 3 476 546 477
         940 3 477 546 547
         941 3 477 547 478
         942 3 478 547 548
         943 3 478 548 479
         944 3 479 548 549
         945 3 479 549 480
         946 3 480 549 550
         947 3 480 550 481
         948 3 481 550 551
         949 3 481 551 482
         950 3 482 551 552
         951 3 482 552 483
         952 3 483 552 553
         953 3 483 553 484
         954 3 484 553 554
         955 3 484 554 485
         956 3 485 554 555
         957 3 485 555 486
         958 3 486 555 556
         959 3 486 556 487
         960 3 487 556 557
         961 3 487 557 488
         962 3 488 557 558
         963 3 488 558 489
         964 3 489 558 559
         965 3 489 559 490
         966 3 490 559 560
1
8
8
1
71
141
211
281
351
421
491
3
148
8 20
70
140
210
280
350
420
490
560
70 20
1
2
3
4
5
6
7
8
9
10
11
12
13
14
15
16
17
18
19
20
21
22
23
24
25
26
27
28
29
30
31
32
33
34
35
36
37
38
39
40
41
42
43
44
45
46
47
48
49
50
51
52
53
54
55
56
57
58
59
60
61
62
63
64
65
66
67
68
69
70
70 20
491
492
493
494
495
496
497
498
499
500
501
502
503
504
505
506
507
508
509
510
511
512
513
514
515
516
517
518
519
520
521
522
523
524
525
526
527
528
529
530
531
532
533
534
535
536
537
538
539
540
541
542
543
544
545
546
547
548
549
550
551
552
553
554
555
556
557
558
559
560
